100 0.001000
200 0.002000
500 0.004000
1000 0.008000
5000 0.038000
10000 0.076000
20000 0.151000
40000 0.303000
100000 0.326000
200000 0.618000
500000 1.558000
1000000 3.114000

664.3856	0.001000
1528.7712379549448	0.002000
4482.8921423310435	0.004000
9965.784284662087	0.008000
61438.56189774725	0.038000
132877.1237954945	0.076000
285754.24759098898	0.151000
611508.49518197796	0.303000
1660964.0474436812	0.326000
3521928.0948873624	0.618000
9465784.284662087	1.558000
19931568.569324174	3.114000

y=0.056355793564443+1.5474833219344E-7x


https://docs.google.com/forms/d/1oaly2WYyFHfL4hekIP4nrdKfn1so5Mlk9RZP0htQGgI/viewform?usp=form_confirm